colorlight-probe: querying eth0 for receiving cards (nothing is written)

  interface   eth0 (index 2)
  link        up, 1000 Mb/s

  -> discover receiver 0 (type 0x07, 284 byte frame)
  <- reply from 11:22:33:44:55:66 to ff:ff:ff:ff:ff:ff, 1070 byte frame

  Data (d[0] is frame byte 13):
    0000  05 04 0a 10 00 00 00 00  00 00 00 00 00 00 00 00  |................|
    0010  00 04 00 00 00 05 00 02  00 00 00 00 00 00 00 01  |................|
    0020  02 03 ff ff ff ff 00 00  00 00 00 00 00 00 00 d3  |................|
    0030  bb d7 00 00 00 00 00 00  00 00 00 00 00 00 00 ba  |................|
    0040  00 00 00 00 00 00 00 00  00 00 00 00 00 00 00 00  |................|
    0050  00 00 00 00 00 00 00 00  00 00 00 00 00 00 00 0f  |................|
    0060  04 08 00 00 00 00 00 00  00 00 00 00 00 00 00 00  |................|
    0070  00 01 00 01 00 00 00 00  28 00 ff ff ff 00 00 00  |........(.......|
    0080  00 00 00 00 00 0c 03 00  00 00 00 00 00 00 00 00  |................|
    0090  00 00 00 00 00 00 00 00  00 00 00 01 00 00 00 00  |................|
    00a0  00 04 00 00 00 00 00 00  00 00 00 00 00 00 00 00  |................|
    00b0  00 00 00 00 00 00 00 00  00 00 00 00 00 00 00 00  |................|
    00c0  00 00 00 00 00 00 00 00  00 00 00 00 00 00 00 00  |................|
    00d0  00 00 00 00 00 00 00 00  00 00 00 00 00 00 00 00  |................|
    00e0  00 00 00 00 00 00 00 00  00 00 00 00 00 00 00 00  |................|
    00f0  00 00 00 00 00 00 00 00  00 00 00 00 00 00 00 00  |................|
    0100  00 00 00 00 00 00 00 00  00 00 00 00 00 00 00 00  |................|
    0110  00 00 00 00 00 00 00 00  00 00 00 00 00 00 00 00  |................|
    0120  00 00 00 00 00 00 00 00  00 00 00 00 00 00 00 00  |................|
    0130  00 00 00 00 00 00 00 00  00 00 00 00 00 00 00 00  |................|
    0140  00 00 00 00 00 00 00 00  00 00 00 00 00 00 00 00  |................|
    0150  00 00 00 00 00 00 00 00  00 00 00 00 00 00 00 00  |................|
    0160  00 00 00 00 00 00 00 00  00 00 00 00 00 00 00 00  |................|
    0170  00 00 00 00 00 00 00 00  00 00 00 00 00 00 00 00  |................|
    0180  00 00 00 00 00 00 00 00  00 00 00 00 00 00 00 00  |................|
    0190  00 00 00 00 00 00 00 00  00 00 00 00 00 00 00 00  |................|
    01a0  00 00 00 00 00 00 00 00  00 00 00 00 00 00 00 00  |................|
    01b0  00 00 00 00 00 00 00 00  00 00 00 00 00 00 00 00  |................|
    01c0  00 00 00 00 00 00 00 00  00 00 00 00 00 00 00 00  |................|
    01d0  00 00 00 00 00 00 00 00  00 00 00 00 00 00 00 00  |................|
    01e0  00 00 00 00 00 00 00 00  00 00 00 00 00 00 00 00  |................|
    01f0  00 00 00 00 00 00 00 00  00 00 00 00 00 00 00 00  |................|
    0200  00 00 00 00 00 00 00 00  00 00 00 00 00 00 00 00  |................|
    0210  00 00 00 00 00 00 00 00  00 00 00 00 00 00 00 00  |................|
    0220  00 00 00 00 00 00 00 00  00 00 00 00 00 00 00 00  |................|
    0230  00 00 00 00 00 00 00 00  00 00 00 00 00 00 00 00  |................|
    0240  00 00 00 00 00 00 00 00  00 00 00 00 00 00 00 00  |................|
    0250  00 00 00 00 00 00 00 00  00 00 00 00 00 00 00 00  |................|
    0260  00 00 00 00 00 00 00 00  00 00 00 00 00 00 00 00  |................|
    0270  00 00 00 00 00 00 00 00  00 00 00 00 00 00 00 00  |................|
    0280  00 00 00 00 00 00 00 00  00 00 00 00 00 00 00 00  |................|
    0290  00 00 00 00 00 00 00 00  00 00 00 00 00 00 00 00  |................|
    02a0  00 00 00 00 00 00 00 00  00 00 00 00 00 00 00 00  |................|
    02b0  00 00 00 00 00 00 00 00  00 00 00 00 00 00 00 00  |................|
    02c0  00 00 00 00 00 00 00 00  00 00 00 00 00 00 00 00  |................|
    02d0  00 00 00 00 00 00 00 00  00 00 00 00 00 00 00 00  |................|
    02e0  00 00 00 00 00 00 00 00  00 00 00 00 00 00 00 00  |................|
    02f0  00 00 00 00 00 00 00 00  00 00 00 00 00 00 00 00  |................|
    0300  00 00 00 00 00 00 00 00  00 00 00 00 00 00 00 00  |................|
    0310  00 00 00 00 00 00 00 00  00 00 00 00 00 00 00 00  |................|
    0320  00 00 00 00 00 00 00 00  00 00 00 00 00 00 00 00  |................|
    0330  00 00 00 00 00 00 00 00  00 00 00 00 00 00 00 00  |................|
    0340  00 00 00 00 00 00 00 00  00 00 00 00 00 00 00 00  |................|
    0350  00 00 00 00 00 00 00 00  00 00 00 00 00 00 00 00  |................|
    0360  00 00 00 00 00 00 00 00  00 00 00 00 00 00 00 00  |................|
    0370  00 00 00 00 00 00 00 00  00 00 00 00 00 00 00 00  |................|
    0380  00 00 00 00 00 00 00 00  00 00 00 00 00 00 00 00  |................|
    0390  00 00 00 00 00 00 00 00  00 00 00 00 00 00 00 00  |................|
    03a0  00 00 00 00 00 00 00 00  00 00 00 00 00 00 00 00  |................|
    03b0  00 00 00 00 00 00 00 00  00 00 00 00 00 00 00 00  |................|
    03c0  00 00 00 00 00 00 00 00  00 00 00 00 00 00 00 00  |................|
    03d0  00 00 00 00 00 00 00 00  00 00 00 00 00 00 00 00  |................|
    03e0  00 00 00 00 00 00 00 00  00 00 00 00 00 00 00 00  |................|
    03f0  00 00 00 00 00 00 00 00  00 00 00 00 00 00 00 00  |................|
    0400  00 00 00 00 00 00 00 00  00 00 00 00 00 00 00 00  |................|
    0410  00 00 00 00 00 00 00 00  00 00 00 00 00 00 00 00  |................|
    0420  00                                                |.|

  Decoded (offsets are data-relative and UNVERIFIED - check them against the dump):
    d[0]  card marker      0x05   (0x05 = 5A series)
    d[1]                   0x04   (meaning unknown)
    d[2:3] firmware        10.16
    d[21:24] cabinet size  1280 x 512 pixels
    d[38:41] packets rx    0
    d[46:49] uptime        13876183 ms
    d[85] receiver number  0
      (Harald's notes put the receiver number at d[63] = 0xba instead; whichever
       tracks the number we asked for is the right one.)

  -> discover receiver 1 (type 0x07, 284 byte frame)
  <- no reply

  1 receiver answered.
